918,138
466,1116
827,1306
671,1309
90,1472
511,1471
514,560
291,560
514,680
514,800
514,920
566,566
566,566
564,566
566,537
592,566
566,592
537,566
537,566
566,566
566,626
566,626
564,626
566,597
592,626
566,652
537,626
537,626
566,626
566,686
566,746
566,806
566,806
564,806
566,777
592,806
566,832
537,806
537,806
566,806
566,866
566,926
626,566
626,566
624,566
626,537
652,566
626,592
597,566
597,566
626,626
626,626
624,626
626,597
652,626
626,652
597,626
597,626
626,686
626,746
626,806
626,806
624,806
626,777
652,806
626,832
597,806
597,806
626,866
626,926
686,566
686,566
684,566
686,537
712,566
686,592
657,566
657,566
686,626
686,626
684,626
686,597
712,626
686,652
657,626
657,626
686,686
686,746
686,806
686,806
684,806
686,777
712,806
686,832
657,806
657,806
686,866
686,926
746,566
746,566
744,566
746,537
772,566
746,592
717,566
717,566
746,626
746,686
746,746
746,806
746,806
744,806
746,777
772,806
746,832
717,806
717,806
746,866
746,926
806,566
806,566
804,566
806,537
832,566
806,592
777,566
777,566
806,626
806,626
804,626
806,597
832,626
806,652
777,626
777,626
806,686
806,686
804,686
806,657
832,686
806,712
777,686
777,686
806,746
806,746
804,746
806,717
832,746
806,772
777,746
777,746
806,806
806,806
804,806
806,777
832,806
806,832
777,806
777,806
806,866
806,926
866,566
866,566
864,566
866,537
892,566
866,592
837,566
837,566
866,626
866,626
864,626
866,597
892,626
866,652
837,626
837,626
866,686
866,686
864,686
866,657
892,686
866,712
837,686
837,686
866,746
866,746
864,746
866,717
892,746
866,772
837,746
837,746
866,806
866,806
864,806
866,777
892,806
866,832
837,806
837,806
866,866
866,926
926,566
926,566
924,566
926,537
952,566
926,592
897,566
897,566
926,626
926,626
924,626
926,597
952,626
926,652
897,626
897,626
926,686
926,686
924,686
926,657
952,686
926,712
897,686
897,686
926,746
926,746
924,746
926,717
952,746
926,772
897,746
897,746
926,806
926,806
924,806
926,777
952,806
926,832
897,806
897,806
926,866
926,926
918,138
466,1116
827,1306
671,1309
90,1472
511,1471
514,560
291,560
514,680
514,800
514,920
566,566
566,566
564,566
566,537
592,566
566,592
537,566
537,566
566,566
566,626
566,626
564,626
566,597
592,626
566,652
537,626
537,626
566,626
566,686
566,746
566,806
566,806
564,806
566,777
592,806
566,832
537,806
537,806
566,806
566,866
566,926
626,566
626,566
624,566
626,537
652,566
626,592
597,566
597,566
626,626
626,626
624,626
626,597
652,626
626,652
597,626
597,626
626,686
626,746
626,806
626,806
624,806
626,777
652,806
626,832
597,806
597,806
626,866
626,926
686,566
686,566
684,566
686,537
712,566
686,592
657,566
657,566
686,626
686,626
684,626
686,597
712,626
686,652
657,626
657,626
686,686
686,746
686,806
686,806
684,806
686,777
712,806
686,832
657,806
657,806
686,866
686,926
746,566
746,566
744,566
746,537
772,566
746,592
717,566
717,566
746,626
746,686
746,746
746,806
746,806
744,806
746,777
772,806
746,832
717,806
717,806
746,866
746,926
806,566
806,566
804,566
806,537
832,566
806,592
777,566
777,566
806,626
806,626
804,626
806,597
832,626
806,652
777,626
777,626
806,686
806,686
804,686
806,657
832,686
806,712
777,686
777,686
806,746
806,746
804,746
806,717
832,746
806,772
777,746
777,746
806,806
806,806
804,806
806,777
832,806
806,832
777,806
777,806
806,866
806,926
866,566
866,566
864,566
866,537
892,566
866,592
837,566
837,566
866,626
866,626
864,626
866,597
892,626
866,652
837,626
837,626
866,686
866,686
864,686
866,657
892,686
866,712
837,686
837,686
866,746
866,746
864,746
866,717
892,746
866,772
837,746
837,746
866,806
866,806
864,806
866,777
892,806
866,832
837,806
837,806
866,866
866,926
926,566
926,566
924,566
926,537
952,566
926,592
897,566
897,566
926,626
926,626
924,626
926,597
952,626
926,652
897,626
897,626
926,686
926,686
924,686
926,657
952,686
926,712
897,686
897,686
926,746
926,746
924,746
926,717
952,746
926,772
897,746
897,746
926,806
926,806
924,806
926,777
952,806
926,832
897,806
897,806
926,866
926,926
918,138
466,1116
827,1306
671,1309
90,1472
511,1471
355,1471
181,1471
514,560
291,560
514,680
514,800
514,920
291,920
566,566
566,566
564,566
566,537
592,566
566,592
537,566
537,566
566,566
566,626
566,626
564,626
566,597
592,626
566,652
537,626
537,626
566,626
566,686
566,746
566,806
566,806
564,806
566,777
592,806
566,832
537,806
537,806
566,806
566,866
566,926
626,566
626,566
624,566
626,537
652,566
626,592
597,566
597,566
626,626
626,626
624,626
626,597
652,626
626,652
597,626
597,626
626,686
626,746
626,806
626,806
624,806
626,777
652,806
626,832
597,806
597,806
626,866
626,926
686,566
686,566
684,566
686,537
712,566
686,592
657,566
657,566
686,626
686,626
684,626
686,597
712,626
686,652
657,626
657,626
686,686
686,746
686,806
686,806
684,806
686,777
712,806
686,832
657,806
657,806
686,866
686,926
746,566
746,566
744,566
746,537
772,566
746,592
717,566
717,566
746,626
746,686
746,746
746,806
746,806
744,806
746,777
772,806
746,832
717,806
717,806
746,866
746,926
806,566
806,566
804,566
806,537
832,566
806,592
777,566
777,566
806,626
806,626
804,626
806,597
832,626
806,652
777,626
777,626
806,686
806,686
804,686
806,657
832,686
806,712
777,686
777,686
806,746
806,746
804,746
806,717
832,746
806,772
777,746
777,746
806,806
806,806
804,806
806,777
832,806
806,832
777,806
777,806
806,866
806,926
866,566
866,566
864,566
866,537
892,566
866,592
837,566
837,566
866,626
866,626
864,626
866,597
892,626
866,652
837,626
837,626
866,686
866,686
864,686
866,657
892,686
866,712
837,686
837,686
866,746
866,746
864,746
866,717
892,746
866,772
837,746
837,746
866,806
866,806
864,806
866,777
892,806
866,832
837,806
837,806
866,866
866,926
926,566
926,566
924,566
926,537
952,566
926,592
897,566
897,566
926,626
926,626
924,626
926,597
952,626
926,652
897,626
897,626
926,686
926,686
924,686
926,657
952,686
926,712
897,686
897,686
926,746
926,746
924,746
926,717
952,746
926,772
897,746
897,746
926,806
926,806
924,806
926,777
952,806
926,832
897,806
897,806
926,866
926,926
918,138
466,1116
827,1306
827,1260
979,1083
1023,1116
716,1279
514,560
291,560
514,680
514,800
514,920
291,920
566,566
566,566
564,566
566,537
592,566
566,592
537,566
537,566
566,566
566,626
566,626
564,626
566,597
592,626
566,652
537,626
537,626
566,626
566,686
566,746
566,806
566,806
564,806
566,777
592,806
566,832
537,806
537,806
566,806
566,866
566,926
626,566
626,566
624,566
626,537
652,566
626,592
597,566
597,566
626,626
626,626
624,626
626,597
652,626
626,652
597,626
597,626
626,686
626,746
626,806
626,806
624,806
626,777
652,806
626,832
597,806
597,806
626,866
626,926
686,566
686,566
684,566
686,537
712,566
686,592
657,566
657,566
686,626
686,626
684,626
686,597
712,626
686,652
657,626
657,626
686,686
686,746
686,806
686,806
684,806
686,777
712,806
686,832
657,806
657,806
686,866
686,926
746,566
746,566
744,566
746,537
772,566
746,592
717,566
717,566
746,626
746,686
746,746
746,806
746,806
744,806
746,777
772,806
746,832
717,806
717,806
746,866
746,926
806,566
806,566
804,566
806,537
832,566
806,592
777,566
777,566
806,626
806,626
804,626
806,597
832,626
806,652
777,626
777,626
806,686
806,686
804,686
806,657
832,686
806,712
777,686
777,686
806,746
806,746
804,746
806,717
832,746
806,772
777,746
777,746
806,806
806,806
804,806
806,777
832,806
806,832
777,806
777,806
806,866
806,926
866,566
866,566
864,566
866,537
892,566
866,592
837,566
837,566
866,626
866,626
864,626
866,597
892,626
866,652
837,626
837,626
866,686
866,686
864,686
866,657
892,686
866,712
837,686
837,686
866,746
866,746
864,746
866,717
892,746
866,772
837,746
837,746
866,806
866,806
864,806
866,777
892,806
866,832
837,806
837,806
866,866
866,926
926,566
926,566
924,566
926,537
952,566
926,592
897,566
897,566
926,626
926,626
924,626
926,597
952,626
926,652
897,626
897,626
926,686
926,686
924,686
926,657
952,686
926,712
897,686
897,686
926,746
926,746
924,746
926,717
952,746
926,772
897,746
897,746
926,806
926,806
924,806
926,777
952,806
926,832
897,806
897,806
926,866
926,926
918,138
466,1116
827,1306
827,1260
979,1083
1023,1116
716,1279
514,560
291,560
514,680
514,800
514,920
291,920
566,566
566,566
564,566
566,537
592,566
566,592
537,566
537,566
566,566
566,626
566,626
564,626
566,597
592,626
566,652
537,626
537,626
566,626
566,686
566,746
566,806
566,806
564,806
566,777
592,806
566,832
537,806
537,806
566,806
566,866
566,926
626,566
626,566
624,566
626,537
652,566
626,592
597,566
597,566
626,626
626,626
624,626
626,597
652,626
626,652
597,626
597,626
626,686
626,746
626,806
626,806
624,806
626,777
652,806
626,832
597,806
597,806
626,866
626,926
686,566
686,566
684,566
686,537
712,566
686,592
657,566
657,566
686,626
686,626
684,626
686,597
712,626
686,652
657,626
657,626
686,686
686,746
686,806
686,806
684,806
686,777
712,806
686,832
657,806
657,806
686,866
686,926
746,566
746,566
744,566
746,537
772,566
746,592
717,566
717,566
746,626
746,686
746,746
746,806
746,806
744,806
746,777
772,806
746,832
717,806
717,806
746,866
746,926
806,566
806,566
804,566
806,537
832,566
806,592
777,566
777,566
806,626
806,626
804,626
806,597
832,626
806,652
777,626
777,626
806,686
806,686
804,686
806,657
832,686
806,712
777,686
777,686
806,746
806,746
804,746
806,717
832,746
806,772
777,746
777,746
806,806
806,806
804,806
806,777
832,806
806,832
777,806
777,806
806,866
806,926
866,566
866,566
864,566
866,537
892,566
866,592
837,566
837,566
866,626
866,626
864,626
866,597
892,626
866,652
837,626
837,626
866,686
866,686
864,686
866,657
892,686
866,712
837,686
837,686
866,746
866,746
864,746
866,717
892,746
866,772
837,746
837,746
866,806
866,806
864,806
866,777
892,806
866,832
837,806
837,806
866,866
866,926
926,566
926,566
924,566
926,537
952,566
926,592
897,566
897,566
926,626
926,626
924,626
926,597
952,626
926,652
897,626
897,626
926,686
926,686
924,686
926,657
952,686
926,712
897,686
897,686
926,746
926,746
924,746
926,717
952,746
926,772
897,746
897,746
926,806
926,806
924,806
926,777
952,806
926,832
897,806
897,806
926,866
926,926
918,138
466,1116
827,1306
827,1260
979,1083
1023,1116
716,1279
514,560
291,560
514,680
514,800
514,920
291,920
566,566
566,566
564,566
566,537
592,566
566,592
537,566
537,566
566,566
566,626
566,626
564,626
566,597
592,626
566,652
537,626
537,626
566,626
566,686
566,686
564,686
566,657
592,686
566,712
537,686
537,686
566,686
566,746
566,806
566,866
566,866
564,866
566,837
592,866
566,892
537,866
537,866
566,866
566,926
626,566
626,566
624,566
626,537
652,566
626,592
597,566
597,566
626,626
626,626
624,626
626,597
652,626
626,652
597,626
597,626
626,686
626,686
624,686
626,657
652,686
626,712
597,686
597,686
626,746
626,806
626,866
626,866
624,866
626,837
652,866
626,892
597,866
597,866
626,926
686,566
686,566
684,566
686,537
712,566
686,592
657,566
657,566
686,626
686,626
684,626
686,597
712,626
686,652
657,626
657,626
686,686
686,686
684,686
686,657
712,686
686,712
657,686
657,686
686,746
686,806
686,866
686,866
684,866
686,837
712,866
686,892
657,866
657,866
686,926
746,566
746,566
744,566
746,537
772,566
746,592
717,566
717,566
746,626
746,626
744,626
746,597
772,626
746,652
717,626
717,626
746,686
746,746
746,806
746,866
746,866
744,866
746,837
772,866
746,892
717,866
717,866
746,926
806,566
806,566
804,566
806,537
832,566
806,592
777,566
777,566
806,626
806,626
804,626
806,597
832,626
806,652
777,626
777,626
806,686
806,686
804,686
806,657
832,686
806,712
777,686
777,686
806,746
806,746
804,746
806,717
832,746
806,772
777,746
777,746
806,806
806,806
804,806
806,777
832,806
806,832
777,806
777,806
806,866
806,866
804,866
806,837
832,866
806,892
777,866
777,866
806,926
866,566
866,566
864,566
866,537
892,566
866,592
837,566
837,566
866,626
866,626
864,626
866,597
892,626
866,652
837,626
837,626
866,686
866,686
864,686
866,657
892,686
866,712
837,686
837,686
866,746
866,746
864,746
866,717
892,746
866,772
837,746
837,746
866,806
866,806
864,806
866,777
892,806
866,832
837,806
837,806
866,866
866,866
864,866
866,837
892,866
866,892
837,866
837,866
866,926
926,566
926,566
924,566
926,537
952,566
926,592
897,566
897,566
926,626
926,626
924,626
926,597
952,626
926,652
897,626
897,626
926,686
926,686
924,686
926,657
952,686
926,712
897,686
897,686
926,746
926,746
924,746
926,717
952,746
926,772
897,746
897,746
926,806
926,806
924,806
926,777
952,806
926,832
897,806
897,806
926,866
926,866
924,866
926,837
952,866
926,892
897,866
897,866
926,926
918,138
466,1116
827,1306
827,1260
979,1083
1023,1116
716,1279
514,560
291,560
514,680
514,800
514,920
291,920
566,566
566,566
564,566
566,537
592,566
566,592
537,566
537,566
566,566
566,626
566,626
564,626
566,597
592,626
566,652
537,626
537,626
566,626
566,686
566,686
564,686
566,657
592,686
566,712
537,686
537,686
566,686
566,746
566,746
564,746
566,717
592,746
566,772
537,746
537,746
566,746
566,806
566,866
566,926
566,926
564,926
566,897
592,926
566,952
537,926
537,926
566,926
626,566
626,566
624,566
626,537
652,566
626,592
597,566
597,566
626,626
626,626
624,626
626,597
652,626
626,652
597,626
597,626
626,686
626,686
624,686
626,657
652,686
626,712
597,686
597,686
626,746
626,746
624,746
626,717
652,746
626,772
597,746
597,746
626,806
626,866
626,926
626,926
624,926
626,897
652,926
626,952
597,926
597,926
686,566
686,566
684,566
686,537
712,566
686,592
657,566
657,566
686,626
686,626
684,626
686,597
712,626
686,652
657,626
657,626
686,686
686,686
684,686
686,657
712,686
686,712
657,686
657,686
686,746
686,746
684,746
686,717
712,746
686,772
657,746
657,746
686,806
686,866
686,926
686,926
684,926
686,897
712,926
686,952
657,926
657,926
746,566
746,566
744,566
746,537
772,566
746,592
717,566
717,566
746,626
746,626
744,626
746,597
772,626
746,652
717,626
717,626
746,686
746,686
744,686
746,657
772,686
746,712
717,686
717,686
746,746
746,806
746,866
746,926
746,926
744,926
746,897
772,926
746,952
717,926
717,926
806,566
806,566
804,566
806,537
832,566
806,592
777,566
777,566
806,626
806,626
804,626
806,597
832,626
806,652
777,626
777,626
806,686
806,686
804,686
806,657
832,686
806,712
777,686
777,686
806,746
806,746
804,746
806,717
832,746
806,772
777,746
777,746
806,806
806,806
804,806
806,777
832,806
806,832
777,806
777,806
806,866
806,866
804,866
806,837
832,866
806,892
777,866
777,866
806,926
806,926
804,926
806,897
832,926
806,952
777,926
777,926
866,566
866,566
864,566
866,537
892,566
866,592
837,566
837,566
866,626
866,626
864,626
866,597
892,626
866,652
837,626
837,626
866,686
866,686
864,686
866,657
892,686
866,712
837,686
837,686
866,746
866,746
864,746
866,717
892,746
866,772
837,746
837,746
866,806
866,806
864,806
866,777
892,806
866,832
837,806
837,806
866,866
866,866
864,866
866,837
892,866
866,892
837,866
837,866
866,926
866,926
864,926
866,897
892,926
866,952
837,926
837,926
926,566
926,566
924,566
926,537
952,566
926,592
897,566
897,566
926,626
926,626
924,626
926,597
952,626
926,652
897,626
897,626
926,686
926,686
924,686
926,657
952,686
926,712
897,686
897,686
926,746
926,746
924,746
926,717
952,746
926,772
897,746
897,746
926,806
926,806
924,806
926,777
952,806
926,832
897,806
897,806
926,866
926,866
924,866
926,837
952,866
926,892
897,866
897,866
926,926
926,926
924,926
926,897
952,926
926,952
897,926
897,926
918,138
466,1116
690,1306
827,1306
827,1260
671,1309
90,1472
422,1471
514,560
291,560
514,680
514,800
514,920
291,920
566,566
566,626
566,626
564,626
566,597
592,626
566,652
537,626
537,626
566,626
566,686
566,686
564,686
566,657
592,686
566,712
537,686
537,686
566,686
566,746
566,746
564,746
566,717
592,746
566,772
537,746
537,746
566,746
566,806
566,806
564,806
566,777
592,806
566,832
537,806
537,806
566,806
566,866
566,866
564,866
566,837
592,866
566,892
537,866
537,866
566,866
566,926
626,566
626,626
626,686
626,686
624,686
626,657
652,686
626,712
597,686
597,686
626,746
626,746
624,746
626,717
652,746
626,772
597,746
597,746
626,806
626,806
624,806
626,777
652,806
626,832
597,806
597,806
626,866
626,866
624,866
626,837
652,866
626,892
597,866
597,866
626,926
686,566
686,626
686,686
686,686
684,686
686,657
712,686
686,712
657,686
657,686
686,746
686,746
684,746
686,717
712,746
686,772
657,746
657,746
686,806
686,806
684,806
686,777
712,806
686,832
657,806
657,806
686,866
686,866
684,866
686,837
712,866
686,892
657,866
657,866
686,926
746,566
746,566
744,566
746,537
772,566
746,592
717,566
717,566
746,626
746,626
744,626
746,597
772,626
746,652
717,626
717,626
746,686
746,686
744,686
746,657
772,686
746,712
717,686
717,686
746,746
746,746
744,746
746,717
772,746
746,772
717,746
717,746
746,806
746,806
744,806
746,777
772,806
746,832
717,806
717,806
746,866
746,926
806,566
806,566
804,566
806,537
832,566
806,592
777,566
777,566
806,626
806,626
804,626
806,597
832,626
806,652
777,626
777,626
806,686
806,686
804,686
806,657
832,686
806,712
777,686
777,686
806,746
806,746
804,746
806,717
832,746
806,772
777,746
777,746
806,806
806,806
804,806
806,777
832,806
806,832
777,806
777,806
806,866
806,866
804,866
806,837
832,866
806,892
777,866
777,866
806,926
806,926
804,926
806,897
832,926
806,952
777,926
777,926
866,566
866,566
864,566
866,537
892,566
866,592
837,566
837,566
866,626
866,626
864,626
866,597
892,626
866,652
837,626
837,626
866,686
866,686
864,686
866,657
892,686
866,712
837,686
837,686
866,746
866,746
864,746
866,717
892,746
866,772
837,746
837,746
866,806
866,806
864,806
866,777
892,806
866,832
837,806
837,806
866,866
866,866
864,866
866,837
892,866
866,892
837,866
837,866
866,926
866,926
864,926
866,897
892,926
866,952
837,926
837,926
926,566
926,566
924,566
926,537
952,566
926,592
897,566
897,566
926,626
926,626
924,626
926,597
952,626
926,652
897,626
897,626
926,686
926,686
924,686
926,657
952,686
926,712
897,686
897,686
926,746
926,746
924,746
926,717
952,746
926,772
897,746
897,746
926,806
926,806
924,806
926,777
952,806
926,832
897,806
897,806
926,866
926,866
924,866
926,837
952,866
926,892
897,866
897,866
926,926
926,926
924,926
926,897
952,926
926,952
897,926
897,926
918,138
466,1116
827,1306
827,1260
979,1083
1023,1116
716,1279
514,560
291,560
514,680
514,800
514,920
291,920
566,566
566,566
564,566
566,537
592,566
566,592
537,566
537,566
566,566
566,626
566,626
564,626
566,597
592,626
566,652
537,626
537,626
566,626
566,686
566,686
564,686
566,657
592,686
566,712
537,686
537,686
566,686
566,746
566,806
566,866
566,866
564,866
566,837
592,866
566,892
537,866
537,866
566,866
566,926
626,566
626,566
624,566
626,537
652,566
626,592
597,566
597,566
626,626
626,626
624,626
626,597
652,626
626,652
597,626
597,626
626,686
626,686
624,686
626,657
652,686
626,712
597,686
597,686
626,746
626,806
626,866
626,866
624,866
626,837
652,866
626,892
597,866
597,866
626,926
686,566
686,566
684,566
686,537
712,566
686,592
657,566
657,566
686,626
686,626
684,626
686,597
712,626
686,652
657,626
657,626
686,686
686,686
684,686
686,657
712,686
686,712
657,686
657,686
686,746
686,806
686,866
686,866
684,866
686,837
712,866
686,892
657,866
657,866
686,926
746,566
746,566
744,566
746,537
772,566
746,592
717,566
717,566
746,626
746,626
744,626
746,597
772,626
746,652
717,626
717,626
746,686
746,746
746,806
746,866
746,866
744,866
746,837
772,866
746,892
717,866
717,866
746,926
806,566
806,566
804,566
806,537
832,566
806,592
777,566
777,566
806,626
806,626
804,626
806,597
832,626
806,652
777,626
777,626
806,686
806,686
804,686
806,657
832,686
806,712
777,686
777,686
806,746
806,746
804,746
806,717
832,746
806,772
777,746
777,746
806,806
806,806
804,806
806,777
832,806
806,832
777,806
777,806
806,866
806,866
804,866
806,837
832,866
806,892
777,866
777,866
806,926
866,566
866,566
864,566
866,537
892,566
866,592
837,566
837,566
866,626
866,626
864,626
866,597
892,626
866,652
837,626
837,626
866,686
866,686
864,686
866,657
892,686
866,712
837,686
837,686
866,746
866,746
864,746
866,717
892,746
866,772
837,746
837,746
866,806
866,806
864,806
866,777
892,806
866,832
837,806
837,806
866,866
866,866
864,866
866,837
892,866
866,892
837,866
837,866
866,926
926,566
926,566
924,566
926,537
952,566
926,592
897,566
897,566
926,626
926,626
924,626
926,597
952,626
926,652
897,626
897,626
926,686
926,686
924,686
926,657
952,686
926,712
897,686
897,686
926,746
926,746
924,746
926,717
952,746
926,772
897,746
897,746
926,806
926,806
924,806
926,777
952,806
926,832
897,806
897,806
926,866
926,866
924,866
926,837
952,866
926,892
897,866
897,866
926,926
918,138
466,1116
690,1306
827,1306
827,1260
979,1083
1023,1116
716,1279
514,560
291,560
514,680
291,680
514,800
514,920
291,920
566,566
566,626
566,626
564,626
566,597
592,626
566,652
537,626
537,626
566,626
566,686
566,686
564,686
566,657
592,686
566,712
537,686
537,686
566,686
566,746
566,746
564,746
566,717
592,746
566,772
537,746
537,746
566,746
566,806
566,806
564,806
566,777
592,806
566,832
537,806
537,806
566,806
566,866
566,866
564,866
566,837
592,866
566,892
537,866
537,866
566,866
566,926
626,566
626,626
626,686
626,686
624,686
626,657
652,686
626,712
597,686
597,686
626,746
626,746
624,746
626,717
652,746
626,772
597,746
597,746
626,806
626,806
624,806
626,777
652,806
626,832
597,806
597,806
626,866
626,866
624,866
626,837
652,866
626,892
597,866
597,866
626,926
686,566
686,626
686,686
686,686
684,686
686,657
712,686
686,712
657,686
657,686
686,746
686,746
684,746
686,717
712,746
686,772
657,746
657,746
686,806
686,806
684,806
686,777
712,806
686,832
657,806
657,806
686,866
686,866
684,866
686,837
712,866
686,892
657,866
657,866
686,926
746,566
746,566
744,566
746,537
772,566
746,592
717,566
717,566
746,626
746,626
744,626
746,597
772,626
746,652
717,626
717,626
746,686
746,686
744,686
746,657
772,686
746,712
717,686
717,686
746,746
746,746
744,746
746,717
772,746
746,772
717,746
717,746
746,806
746,806
744,806
746,777
772,806
746,832
717,806
717,806
746,866
746,926
806,566
806,566
804,566
806,537
832,566
806,592
777,566
777,566
806,626
806,626
804,626
806,597
832,626
806,652
777,626
777,626
806,686
806,686
804,686
806,657
832,686
806,712
777,686
777,686
806,746
806,746
804,746
806,717
832,746
806,772
777,746
777,746
806,806
806,806
804,806
806,777
832,806
806,832
777,806
777,806
806,866
806,866
804,866
806,837
832,866
806,892
777,866
777,866
806,926
806,926
804,926
806,897
832,926
806,952
777,926
777,926
866,566
866,566
864,566
866,537
892,566
866,592
837,566
837,566
866,626
866,626
864,626
866,597
892,626
866,652
837,626
837,626
866,686
866,686
864,686
866,657
892,686
866,712
837,686
837,686
866,746
866,746
864,746
866,717
892,746
866,772
837,746
837,746
866,806
866,806
864,806
866,777
892,806
866,832
837,806
837,806
866,866
866,866
864,866
866,837
892,866
866,892
837,866
837,866
866,926
866,926
864,926
866,897
892,926
866,952
837,926
837,926
926,566
926,566
924,566
926,537
952,566
926,592
897,566
897,566
926,626
926,626
924,626
926,597
952,626
926,652
897,626
897,626
926,686
926,686
924,686
926,657
952,686
926,712
897,686
897,686
926,746
926,746
924,746
926,717
952,746
926,772
897,746
897,746
926,806
926,806
924,806
926,777
952,806
926,832
897,806
897,806
926,866
926,866
924,866
926,837
952,866
926,892
897,866
897,866
926,926
926,926
924,926
926,897
952,926
926,952
897,926
897,926
918,138
466,1116
690,1306
717,1326
514,560
291,560
514,680
291,680
514,800
291,800
514,920
291,920
566,566
566,626
566,626
564,626
566,597
592,626
566,652
537,626
537,626
566,626
566,686
566,686
564,686
566,657
592,686
566,712
537,686
537,686
566,686
566,746
566,746
564,746
566,717
592,746
566,772
537,746
537,746
566,746
566,806
566,806
564,806
566,777
592,806
566,832
537,806
537,806
566,806
566,866
566,866
564,866
566,837
592,866
566,892
537,866
537,866
566,866
566,926
626,566
626,626
626,686
626,686
624,686
626,657
652,686
626,712
597,686
597,686
626,746
626,746
624,746
626,717
652,746
626,772
597,746
597,746
626,806
626,806
624,806
626,777
652,806
626,832
597,806
597,806
626,866
626,866
624,866
626,837
652,866
626,892
597,866
597,866
626,926
686,566
686,626
686,686
686,686
684,686
686,657
712,686
686,712
657,686
657,686
686,746
686,746
684,746
686,717
712,746
686,772
657,746
657,746
686,806
686,806
684,806
686,777
712,806
686,832
657,806
657,806
686,866
686,866
684,866
686,837
712,866
686,892
657,866
657,866
686,926
746,566
746,566
744,566
746,537
772,566
746,592
717,566
717,566
746,626
746,626
744,626
746,597
772,626
746,652
717,626
717,626
746,686
746,686
744,686
746,657
772,686
746,712
717,686
717,686
746,746
746,746
744,746
746,717
772,746
746,772
717,746
717,746
746,806
746,806
744,806
746,777
772,806
746,832
717,806
717,806
746,866
746,926
806,566
806,566
804,566
806,537
832,566
806,592
777,566
777,566
806,626
806,626
804,626
806,597
832,626
806,652
777,626
777,626
806,686
806,686
804,686
806,657
832,686
806,712
777,686
777,686
806,746
806,746
804,746
806,717
832,746
806,772
777,746
777,746
806,806
806,806
804,806
806,777
832,806
806,832
777,806
777,806
806,866
806,866
804,866
806,837
832,866
806,892
777,866
777,866
806,926
806,926
804,926
806,897
832,926
806,952
777,926
777,926
866,566
866,566
864,566
866,537
892,566
866,592
837,566
837,566
866,626
866,626
864,626
866,597
892,626
866,652
837,626
837,626
866,686
866,686
864,686
866,657
892,686
866,712
837,686
837,686
866,746
866,746
864,746
866,717
892,746
866,772
837,746
837,746
866,806
866,806
864,806
866,777
892,806
866,832
837,806
837,806
866,866
866,866
864,866
866,837
892,866
866,892
837,866
837,866
866,926
866,926
864,926
866,897
892,926
866,952
837,926
837,926
926,566
926,566
924,566
926,537
952,566
926,592
897,566
897,566
926,626
926,626
924,626
926,597
952,626
926,652
897,626
897,626
926,686
926,686
924,686
926,657
952,686
926,712
897,686
897,686
926,746
926,746
924,746
926,717
952,746
926,772
897,746
897,746
926,806
926,806
924,806
926,777
952,806
926,832
897,806
897,806
926,866
926,866
924,866
926,837
952,866
926,892
897,866
897,866
926,926
926,926
924,926
926,897
952,926
926,952
897,926
897,926
918,138
466,1116
827,1306
827,1260
979,1083
1023,1116
716,1279
514,560
291,560
514,680
291,680
514,800
291,800
514,920
291,920
566,566
566,566
564,566
566,537
592,566
566,592
537,566
537,566
566,566
566,626
566,626
564,626
566,597
592,626
566,652
537,626
537,626
566,626
566,686
566,746
566,806
566,806
564,806
566,777
592,806
566,832
537,806
537,806
566,806
566,866
566,926
626,566
626,566
624,566
626,537
652,566
626,592
597,566
597,566
626,626
626,626
624,626
626,597
652,626
626,652
597,626
597,626
626,686
626,746
626,806
626,806
624,806
626,777
652,806
626,832
597,806
597,806
626,866
626,926
686,566
686,566
684,566
686,537
712,566
686,592
657,566
657,566
686,626
686,626
684,626
686,597
712,626
686,652
657,626
657,626
686,686
686,746
686,806
686,806
684,806
686,777
712,806
686,832
657,806
657,806
686,866
686,926
746,566
746,566
744,566
746,537
772,566
746,592
717,566
717,566
746,626
746,686
746,746
746,806
746,806
744,806
746,777
772,806
746,832
717,806
717,806
746,866
746,926
806,566
806,566
804,566
806,537
832,566
806,592
777,566
777,566
806,626
806,626
804,626
806,597
832,626
806,652
777,626
777,626
806,686
806,686
804,686
806,657
832,686
806,712
777,686
777,686
806,746
806,746
804,746
806,717
832,746
806,772
777,746
777,746
806,806
806,806
804,806
806,777
832,806
806,832
777,806
777,806
806,866
806,926
866,566
866,566
864,566
866,537
892,566
866,592
837,566
837,566
866,626
866,626
864,626
866,597
892,626
866,652
837,626
837,626
866,686
866,686
864,686
866,657
892,686
866,712
837,686
837,686
866,746
866,746
864,746
866,717
892,746
866,772
837,746
837,746
866,806
866,806
864,806
866,777
892,806
866,832
837,806
837,806
866,866
866,926
926,566
926,566
924,566
926,537
952,566
926,592
897,566
897,566
926,626
926,626
924,626
926,597
952,626
926,652
897,626
897,626
926,686
926,686
924,686
926,657
952,686
926,712
897,686
897,686
926,746
926,746
924,746
926,717
952,746
926,772
897,746
897,746
926,806
926,806
924,806
926,777
952,806
926,832
897,806
897,806
926,866
926,926
918,138
466,1116
827,1306
827,1260
979,1083
1023,1116
716,1279
514,560
291,560
514,680
291,680
514,800
291,800
514,920
291,920
566,566
566,626
566,626
564,626
566,597
592,626
566,652
537,626
537,626
566,626
566,686
566,686
564,686
566,657
592,686
566,712
537,686
537,686
566,686
566,746
566,746
564,746
566,717
592,746
566,772
537,746
537,746
566,746
566,806
566,806
564,806
566,777
592,806
566,832
537,806
537,806
566,806
566,866
566,926
626,566
626,626
626,626
624,626
626,597
652,626
626,652
597,626
597,626
626,686
626,686
624,686
626,657
652,686
626,712
597,686
597,686
626,746
626,746
624,746
626,717
652,746
626,772
597,746
597,746
626,806
626,806
624,806
626,777
652,806
626,832
597,806
597,806
626,866
626,926
686,566
686,566
684,566
686,537
712,566
686,592
657,566
657,566
686,626
686,626
684,626
686,597
712,626
686,652
657,626
657,626
686,686
686,686
684,686
686,657
712,686
686,712
657,686
657,686
686,746
686,746
684,746
686,717
712,746
686,772
657,746
657,746
686,806
686,866
686,926
746,566
746,566
744,566
746,537
772,566
746,592
717,566
717,566
746,626
746,626
744,626
746,597
772,626
746,652
717,626
717,626
746,686
746,686
744,686
746,657
772,686
746,712
717,686
717,686
746,746
746,746
744,746
746,717
772,746
746,772
717,746
717,746
746,806
746,806
744,806
746,777
772,806
746,832
717,806
717,806
746,866
746,866
744,866
746,837
772,866
746,892
717,866
717,866
746,926
746,926
744,926
746,897
772,926
746,952
717,926
717,926
806,566
806,566
804,566
806,537
832,566
806,592
777,566
777,566
806,626
806,626
804,626
806,597
832,626
806,652
777,626
777,626
806,686
806,686
804,686
806,657
832,686
806,712
777,686
777,686
806,746
806,746
804,746
806,717
832,746
806,772
777,746
777,746
806,806
806,806
804,806
806,777
832,806
806,832
777,806
777,806
806,866
806,866
804,866
806,837
832,866
806,892
777,866
777,866
806,926
806,926
804,926
806,897
832,926
806,952
777,926
777,926
866,566
866,566
864,566
866,537
892,566
866,592
837,566
837,566
866,626
866,626
864,626
866,597
892,626
866,652
837,626
837,626
866,686
866,686
864,686
866,657
892,686
866,712
837,686
837,686
866,746
866,746
864,746
866,717
892,746
866,772
837,746
837,746
866,806
866,806
864,806
866,777
892,806
866,832
837,806
837,806
866,866
866,866
864,866
866,837
892,866
866,892
837,866
837,866
866,926
866,926
864,926
866,897
892,926
866,952
837,926
837,926
926,566
926,566
924,566
926,537
952,566
926,592
897,566
897,566
926,626
926,626
924,626
926,597
952,626
926,652
897,626
897,626
926,686
926,686
924,686
926,657
952,686
926,712
897,686
897,686
926,746
926,746
924,746
926,717
952,746
926,772
897,746
897,746
926,806
926,806
924,806
926,777
952,806
926,832
897,806
897,806
926,866
926,866
924,866
926,837
952,866
926,892
897,866
897,866
926,926
926,926
924,926
926,897
952,926
926,952
897,926
897,926
918,138
466,1116
827,1306
671,1309
979,1083
1023,1116
716,1279
514,560
291,560
514,680
291,680
514,800
291,800
514,920
291,920
566,566
566,566
564,566
566,537
592,566
566,592
537,566
537,566
566,566
566,626
566,626
564,626
566,597
592,626
566,652
537,626
537,626
566,626
566,686
566,686
564,686
566,657
592,686
566,712
537,686
537,686
566,686
566,746
566,806
566,866
566,926
566,926
564,926
566,897
592,926
566,952
537,926
537,926
566,926
626,566
626,566
624,566
626,537
652,566
626,592
597,566
597,566
626,626
626,626
624,626
626,597
652,626
626,652
597,626
597,626
626,686
626,686
624,686
626,657
652,686
626,712
597,686
597,686
626,746
626,746
624,746
626,717
652,746
626,772
597,746
597,746
626,806
626,806
624,806
626,777
652,806
626,832
597,806
597,806
626,866
626,866
624,866
626,837
652,866
626,892
597,866
597,866
626,926
626,926
624,926
626,897
652,926
626,952
597,926
597,926
686,566
686,566
684,566
686,537
712,566
686,592
657,566
657,566
686,626
686,626
684,626
686,597
712,626
686,652
657,626
657,626
686,686
686,686
684,686
686,657
712,686
686,712
657,686
657,686
686,746
686,746
684,746
686,717
712,746
686,772
657,746
657,746
686,806
686,806
684,806
686,777
712,806
686,832
657,806
657,806
686,866
686,866
684,866
686,837
712,866
686,892
657,866
657,866
686,926
686,926
684,926
686,897
712,926
686,952
657,926
657,926
746,566
746,566
744,566
746,537
772,566
746,592
717,566
717,566
746,626
746,626
744,626
746,597
772,626
746,652
717,626
717,626
746,686
746,686
744,686
746,657
772,686
746,712
717,686
717,686
746,746
746,746
744,746
746,717
772,746
746,772
717,746
717,746
746,806
746,806
744,806
746,777
772,806
746,832
717,806
717,806
746,866
746,866
744,866
746,837
772,866
746,892
717,866
717,866
746,926
746,926
744,926
746,897
772,926
746,952
717,926
717,926
806,566
806,566
804,566
806,537
832,566
806,592
777,566
777,566
806,626
806,626
804,626
806,597
832,626
806,652
777,626
777,626
806,686
806,686
804,686
806,657
832,686
806,712
777,686
777,686
806,746
806,746
804,746
806,717
832,746
806,772
777,746
777,746
806,806
806,806
804,806
806,777
832,806
806,832
777,806
777,806
806,866
806,866
804,866
806,837
832,866
806,892
777,866
777,866
806,926
806,926
804,926
806,897
832,926
806,952
777,926
777,926
866,566
866,566
864,566
866,537
892,566
866,592
837,566
837,566
866,626
866,626
864,626
866,597
892,626
866,652
837,626
837,626
866,686
866,686
864,686
866,657
892,686
866,712
837,686
837,686
866,746
866,746
864,746
866,717
892,746
866,772
837,746
837,746
866,806
866,806
864,806
866,777
892,806
866,832
837,806
837,806
866,866
866,866
864,866
866,837
892,866
866,892
837,866
837,866
866,926
866,926
864,926
866,897
892,926
866,952
837,926
837,926
926,566
926,566
924,566
926,537
952,566
926,592
897,566
897,566
926,626
926,626
924,626
926,597
952,626
926,652
897,626
897,626
926,686
926,686
924,686
926,657
952,686
926,712
897,686
897,686
926,746
926,746
924,746
926,717
952,746
926,772
897,746
897,746
926,806
926,806
924,806
926,777
952,806
926,832
897,806
897,806
926,866
926,866
924,866
926,837
952,866
926,892
897,866
897,866
926,926
926,926
924,926
926,897
952,926
926,952
897,926
897,926
918,138
949,138
919,168
949,168
918,138
466,1116
827,1306
827,1260
979,1083
752,1926
462,1254
